5    5
7  6 
3 2 2
33
F P 2 1 50 1 5 
F E 5 2 250 5 4
F E 5 3 260 2 10
F E 5 4 300 1 3
F E 5 5 250 5 4
F P 5 6 300 5 6 
F E 5 7 260 2 10
F E 5 8 300 1 3
F P 5 9 500 3 2
F P 5 10 50  3 2
F P 5 11 50 3 2
F E 6 12 30  6 5
F P 6 13 400 7 4
F E 8 14 480 3 77
F P 8 15 109 4 2 
F E 9 16 220 5 7
F P 10 17 210 2 5
F E 11 18 300 1 3
F E 12 19 270 5 4
F P 15 20 200 5 6 
F E 16 21 290 2 9
F P 17 22 400 1 3
F P 18 23 100 4 5 
F E 18 24 250 5 4
F E 19 25 260 2 10
F E 20 26 300 1 3
F E 22 27 250 5 4
F P 22 28 300 5 6 
F E 23 29 260 2 10
F E 24 30 300 1 3
F P 27 31 500 3 2
F P 30 32 50  3 2
F P 31 33 50 3 2
